-2.709521939765424658e+00
-8.372256776269682010e-02
-2.715916115596183483e-02
-8.984745896334582482e-02
5.382229279411520489e-02
-1.530596822509049659e-01
-4.778895801017363915e-02
-2.257747170757648525e-02
5.396587223775404368e-02
9.029561837660886325e-02
8.080202857580622011e-02
1.534527088901776158e-02
1.111471051161521534e-01
-5.827693251869836555e-02
-9.029649993579519363e-02
1.044726718874549737e-01
-6.609989809659981563e-02
-6.553271037313931902e-02
1.260916551651039830e-01
-5.695884218500979479e-01
-8.419703121548546831e-02
-3.571039748162953970e-02
1.498288277441417737e-01
1.277497501188320714e-02
-7.264861017655624420e-02
-9.564028143486351385e-02
2.151648057673234693e-02
-5.827693251869836555e-02
1.534527088901776158e-02
-7.264861017655624420e-02
-9.029649993579519363e-02
-9.564028143486351385e-02
1.260916551651039830e-01
-6.609989809659981563e-02
-3.571039748162953970e-02
2.151648057673234693e-02
1.111471051161521534e-01
1.498288277441417737e-01
1.044726718874549737e-01
-5.695884218500979479e-01
-8.419703121548546831e-02
-6.553271037313931902e-02
1.277497501188320714e-02
7.653690038565266196e-01
-8.947075375887143800e-02
-1.734505145099500545e-01
-5.647935338923362747e-02
-2.931037339664978592e-01
6.989998854344342538e-02
-4.950172894768685161e-01
2.492576810746713611e-01
1.068029715125356494e-01
-1.616413525228759251e-01
-2.055445193575291055e-02
-2.768468300568299734e-02
8.777722494528394925e-02
-2.518703773961809000e-01
-7.658801373227515363e-02
-1.344440040111737067e-01
-3.229398583518659077e-02
-6.258603581333923443e-03
-3.708900337894444413e-03
1.616089796296456271e-01
-4.306862693059733127e-01
9.459986813343934653e-02
-8.041879908889448814e-02
-2.185763009068090457e-01
1.830015649654763155e-01
-1.252248807970595679e-01
2.492993261477787215e-01
6.953992609601258867e-02
-2.595016930266024618e-02
4.031156307311092174e-02
-4.250447183858672984e-02
3.284010131705900060e-02
-5.141915484958777677e-02
-2.126406020825872822e-01
2.126406020825870880e-01
5.452623507169471750e+00
7.483624831455207849e-01
8.098539104945659539e-02
1.811973464538842865e-02
-1.204383282363645329e-03
-2.608742743028210839e-02
3.200616271391770046e-02
-4.767115113605486371e-02
-7.113957445973587146e-02
7.368885687546514879e-03
-2.669239138033272646e-02
-2.454250626776311589e-02
7.162597010477902114e-03
-4.321307725451999787e-02
3.369302059109356012e-02
2.132594894452810932e-02
-3.551190672336170971e-04
2.477883899706995185e-02
3.134141907326710996e-02
-1.621332130248258341e-02
-7.568029651170325722e-02
2.326063983302998663e-03
2.219588680541301207e-02
-3.770312244810512109e-02
-1.484882749859225415e-01
-1.076280271260633345e-02
-6.447677104822715360e-03
7.697172053048470519e-02
-2.864605142719864675e-02
-1.071143366066168272e-02
5.254906529964612286e-03
-2.566166955868967245e-02
-2.537295842322328035e-02
1.668596288230071376e-02
-2.672704624793868777e-02
1.539735100261112669e-02
2.340382137997520581e-02
-8.592278077643701606e-02
-2.265636043245320558e-02
-8.191324724613226888e-03
1.414912905014420116e-04
3.755440854861172295e-02
-3.474365460089627079e-03
-3.364022984433673725e-04
2.799509291076953711e-03
-7.543276536203583627e-01
-5.080995482939426600e-01
2.843603406940200529e-01
3.472143050701462119e+00
